lr_b: 0.030898776471727486
lr_d: 0.0007765075594256715
lr_r: 0.0013812942041073401
lr_s: 0.00011434529028908563
