lr_b: 0.014080934298474672
lr_d: 0.00013744102463280066
lr_r: 0.0038921318721393513
lr_s: 0.0004084279110288893
