lr_b: 0.0018626644046858122
lr_d: 0.0025514372513099287
lr_r: 0.002890120963904506
lr_s: 0.0028697869624899302
