lr_b: 0.0001442076721418851
lr_d: 0.0007059251532969112
lr_r: 0.013833342350325949
lr_s: 0.023951671768836558
