lr_b: 0.035898988334243105
lr_d: 0.0035633863061417916
lr_r: 0.0026774700646650888
lr_s: 0.0013681118634113324
