lr_b: 0.0010932101025572882
lr_d: 0.00015238866955744442
lr_r: 0.0003204652097714477
lr_s: 0.0002800971021240387
