lr_b: 0.012360373415101017
lr_d: 0.0009509625140622891
lr_r: 0.0008209150072907978
lr_s: 0.019012462771425865
