lr_b: 0.000889679561329482
lr_d: 0.0002885881518244154
lr_r: 0.003859595546790085
lr_s: 0.0010700839240000213
