lr_b: 0.06795309698719235
lr_d: 0.0015436368618796264
lr_r: 0.002669853075818461
lr_s: 0.0002655204170920425
