lr_b: 0.013491732950641206
lr_d: 0.0021476973487687067
lr_r: 0.005551951672518094
lr_s: 0.0001508244873367853
