lr_b: 0.044056059333945186
lr_d: 0.0021167739017758924
lr_r: 0.01257229919313781
lr_s: 0.00013408931947831823
