lr_b: 0.04260238831691679
lr_d: 0.0005933745070973385
lr_r: 0.00188770836880606
lr_s: 0.0036199987471045554
