lr_b: 0.05261197501819914
lr_d: 0.06202568099909682
lr_r: 0.008466298144608971
lr_s: 0.013892856280917396
