lr_b: 0.00010780720200136214
lr_d: 0.04201159418286144
lr_r: 0.004139152411106428
lr_s: 0.00850668392288756
