lr_b: 0.006114009039500646
lr_d: 0.0020897208996184407
lr_r: 0.052460233252288685
lr_s: 0.0003335017697096171
