lr_b: 0.024644050224806632
lr_d: 0.001137632147554776
lr_r: 0.001959786798272941
lr_s: 0.0012436564332752374
