lr_b: 0.00029468460415725734
lr_d: 0.039532952309432774
lr_r: 0.0003425116252706974
lr_s: 0.0018082610589068829
