lr_b: 0.011456658617668876
lr_d: 0.003075198815044157
lr_r: 0.004601575985974014
lr_s: 0.0002447066006400234
