lr_b: 0.00010278976532435864
lr_d: 0.0009274099398430106
lr_r: 0.00017947711536402572
lr_s: 0.00010615235889751886
