lr_b: 0.03371473770187587
lr_d: 0.00024270529325893638
lr_r: 0.009978151287685363
lr_s: 0.0021031634194454947
