lr_b: 0.00023266880068803918
lr_d: 0.02709149078160699
lr_r: 0.001487539486032216
lr_s: 0.0002596826671882812
