lr_b: 0.0016369560477516192
lr_d: 0.004508978516808937
lr_r: 0.056281515596121504
lr_s: 0.03206137839533854
