lr_b: 0.0015308233081560954
lr_d: 0.0004717305200471719
lr_r: 0.00011998022056930121
lr_s: 0.051379615317645996
