lr_b: 0.008044174628352663
lr_d: 0.0003084922669705763
lr_r: 0.005159499619224266
lr_s: 0.024665183649372615
