lr_b: 0.008197977212567013
lr_d: 0.014745795438568481
lr_r: 0.012229491081672105
lr_s: 0.009663182057486102
