lr_b: 0.03055813562701305
lr_d: 0.000545545137440284
lr_r: 0.035995865279185336
lr_s: 0.014021911707728579
