lr_b: 0.00039826372891007373
lr_d: 0.0001284201839949881
lr_r: 0.018848398337890333
lr_s: 0.008797755090581796
