lr_b: 0.0005395144293715105
lr_d: 0.0005445168662427145
lr_r: 0.00011295570512948752
lr_s: 0.0021200913759483624
