lr_b: 0.00469384591992881
lr_d: 0.00023631546055344574
lr_r: 0.00014235691750096887
lr_s: 0.00010513634585357076
