lr_b: 0.000363078574005434
lr_d: 0.0005175711650915515
lr_r: 0.00010032241972663673
lr_s: 0.0006248906918216347
