lr_b: 0.0030274823182797964
lr_d: 0.00011270791065837814
lr_r: 0.00028835566885176587
lr_s: 0.0008537479916240045
