lr_b: 0.00016622536291250906
lr_d: 0.0032701763413816964
lr_r: 0.0001643698730600662
lr_s: 0.00023090340382590609
