lr_b: 0.0006871647551834675
lr_d: 0.0001740369822549644
lr_r: 0.0883502778493107
lr_s: 0.0006451694768940217
