lr_b: 0.0002722484808211952
lr_d: 0.000594701959142534
lr_r: 0.00029220528327216866
lr_s: 0.0009132053887405268
