lr_b: 0.000663778500120266
lr_d: 0.001472554991827337
lr_r: 0.0003253005633697481
lr_s: 0.00013931014656846753
