lr_b: 0.000867754934619567
lr_d: 0.00011421611472920563
lr_r: 0.001993072662468066
lr_s: 0.008202081844205312
