lr_b: 0.0007125739271106601
lr_d: 0.0338431861602106
lr_r: 0.00012491404179151876
lr_s: 0.0013458285491486368
