lr_b: 0.08561535558950509
lr_d: 0.0012933440135156685
lr_r: 0.00010472525869951145
lr_s: 0.002522318856423068
