lr_b: 0.000728488045980124
lr_d: 0.00044071083924759994
lr_r: 0.00028906178214137864
lr_s: 0.09847770347945292
