lr_b: 0.0001446488292200848
lr_d: 0.0073813039829319724
lr_r: 0.00012982322044837697
lr_s: 0.004157343590530203
