lr_b: 0.0008898527964658904
lr_d: 0.002504033313258635
lr_r: 0.0003617972815781065
lr_s: 0.02041984036265155
