lr_b: 0.0005317682310197237
lr_d: 0.00037172521630405404
lr_r: 0.001538564138416114
lr_s: 0.00504601726023347
