lr_b: 0.03908166352018842
lr_d: 0.013133759519343594
lr_r: 0.0004421095402059292
lr_s: 0.0019106846749977241
