lr_b: 0.0003085145864359253
lr_d: 0.0019189737511721473
lr_r: 0.0005274382345382486
lr_s: 0.0005190244423530924
