lr_b: 0.00018647388935764947
lr_d: 0.0006122607851378563
lr_r: 0.0019793827209767284
lr_s: 0.03773052119506853
