lr_b: 0.00543816337109591
lr_d: 0.0001696553269687658
lr_r: 0.00015418578641085738
lr_s: 0.00016218621437409506
