lr_b: 0.00011089131740001842
lr_d: 0.0018780314437023364
lr_r: 0.0004544774237705163
lr_s: 0.001650585831704974
