lr_b: 0.00035667940727303056
lr_d: 0.0012160082584577727
lr_r: 0.0039438091961098015
lr_s: 0.018993162242350568
