lr_b: 0.010754695571388268
lr_d: 0.00017895441387205338
lr_r: 0.00011351963701161245
lr_s: 0.0001247198351546499
