lr_b: 0.00016909995361497212
lr_d: 0.0006560478686625102
lr_r: 0.0006843379622539968
lr_s: 0.003206582511966983
