lr_b: 0.028942476148480452
lr_d: 0.003264596985664262
lr_r: 0.00031600746981818385
lr_s: 0.001694086145184296
