lr_b: 0.07740000724459759
lr_d: 0.05381931526722102
lr_r: 0.0006205631627279799
lr_s: 0.09079091327859892
