lr_b: 0.005176815227507379
lr_d: 0.041311244868643696
lr_r: 0.008223332650256075
lr_s: 0.0305005327096057
