lr_b: 0.0006392197174836665
lr_d: 0.06292943810296142
lr_r: 0.0006334387239698144
lr_s: 0.0008316140798496736
