lr_b: 0.0003135755854398734
lr_d: 0.031555998814839226
lr_r: 0.0003035084744392687
lr_s: 0.0153943733932772
