lr_b: 0.00012063063726959514
lr_d: 0.0013016010720751916
lr_r: 0.002233903123145968
lr_s: 0.0047212095156893745
