lr_b: 0.002529945655529073
lr_d: 0.0379747825421919
lr_r: 0.0016206410139932407
lr_s: 0.011101517816335438
