lr_b: 0.0011612201311065882
lr_d: 0.0002816628150541873
lr_r: 0.09894114715780931
lr_s: 0.002513482759759796
