lr_b: 0.00013533280311901866
lr_d: 0.0207505422644294
lr_r: 0.0002074288092678419
lr_s: 0.07691344666064924
