lr_b: 0.007223377640273141
lr_d: 0.00011228177938070481
lr_r: 0.057375503675570025
lr_s: 0.0033766671175845192
