lr_b: 0.09491183416486706
lr_d: 0.011491116210408306
lr_r: 0.0812828594713346
lr_s: 0.0016763676600750036
