lr_b: 0.0019571278477431777
lr_d: 0.0034375456616457557
lr_r: 0.003233831597869432
lr_s: 0.006861404327391861
