lr_b: 0.0016863576959148627
lr_d: 0.0019946253234038305
lr_r: 0.0004196327835766555
lr_s: 0.00041677502503102834
