lr_b: 0.000136549982866333
lr_d: 0.0009781025855764526
lr_r: 0.00024539403646137354
lr_s: 0.0020720586607525108
