lr_b: 0.09173138604874849
lr_d: 0.007975374295157555
lr_r: 0.0010231305935469808
lr_s: 0.0005211779541887963
