lr_b: 0.0006940110145217748
lr_d: 0.035089692365881296
lr_r: 0.002895177754609013
lr_s: 0.00018787625185831975
