lr_b: 0.06269500201707078
lr_d: 0.001039369984703416
lr_r: 0.0059520335366543215
lr_s: 0.002266603407232633
