lr_b: 0.0002850408332939907
lr_d: 0.0003335250683756513
lr_r: 0.0011993112873608016
lr_s: 0.005324532011201014
