lr_b: 0.00048684431812209903
lr_d: 0.004662686381168725
lr_r: 0.012242209169685799
lr_s: 0.0006106687135434658
