lr_b: 0.00010080937013414048
lr_d: 0.005255329324031668
lr_r: 0.001584003786430158
lr_s: 0.0002533147679249874
