lr_b: 0.04096303665163109
lr_d: 0.04217607429677695
lr_r: 0.0019011083324859716
lr_s: 0.000357644327833541
