lr_b: 0.011387762513620572
lr_d: 0.000293365499787562
lr_r: 0.025878173896662776
lr_s: 0.00012093356888147123
