lr_b: 0.0010793670165532474
lr_d: 0.0005926881975623083
lr_r: 0.00074117800170598
lr_s: 0.0027102750180953154
