lr_b: 0.0008982244104572072
lr_d: 0.00012002659258650114
lr_r: 0.017270036892332766
lr_s: 0.07135418786282896
