lr_b: 0.06462240946494338
lr_d: 0.00027198022450729926
lr_r: 0.011421368276105749
lr_s: 0.001121668800903977
