lr_b: 0.01490503767359503
lr_d: 0.015733515388562314
lr_r: 0.0609777574129632
lr_s: 0.09949539990054161
