lr_b: 0.01511528438399276
lr_d: 0.0007875554738059743
lr_r: 0.0035166885108062836
lr_s: 0.002942377103992545
