lr_b: 0.012531782491460294
lr_d: 0.023312789864227728
lr_r: 0.0005807179307053986
lr_s: 0.06060940640212547
