lr_b: 0.027216918436433795
lr_d: 0.0005369859931936039
lr_r: 0.07001274043097303
lr_s: 0.0007834959181725461
