lr_b: 0.00015895610054583677
lr_d: 0.001390568708696087
lr_r: 0.00011248895680473298
lr_s: 0.06926407067698885
