lr_b: 0.02778978286206578
lr_d: 0.0009045785370696264
lr_r: 0.00037305377013701073
lr_s: 0.001164777353439324
