lr_b: 0.0021148886664698377
lr_d: 0.002204213658552504
lr_r: 0.023521593492121615
lr_s: 0.06178115531576798
