lr_b: 0.005419482192277239
lr_d: 0.00043812012326207477
lr_r: 0.004348264323389691
lr_s: 0.007734925173843737
