lr_b: 0.048351849272930285
lr_d: 0.059838522830480245
lr_r: 0.08685449111605614
lr_s: 0.0007651952561293065
