lr_b: 0.0013547935464944978
lr_d: 0.0003079701403818748
lr_r: 0.00043049398282291447
lr_s: 0.003826343526751715
