lr_b: 0.006744825904510754
lr_d: 0.0459014817026719
lr_r: 0.02060798093121643
lr_s: 0.0005533840304128528
