lr_b: 0.0060825566476103024
lr_d: 0.07573077341746981
lr_r: 0.0005825540163800192
lr_s: 0.007118009348977089
