lr_b: 0.00040050428398152215
lr_d: 0.000197609262192997
lr_r: 0.04235770943607148
lr_s: 0.016474177041666715
