lr_b: 0.00955201784054504
lr_d: 0.006708547114230265
lr_r: 0.00012899973849176942
lr_s: 0.0024175490358405017
