lr_b: 0.0001879395185062643
lr_d: 0.006437628323908856
lr_r: 0.0011949729280674845
lr_s: 0.028377313144970814
