lr_b: 0.0003643545955283755
lr_d: 0.0006482309870378476
lr_r: 0.0002861991002650754
lr_s: 0.00039246914493342035
