lr_b: 0.006210193240660319
lr_d: 0.0016808019033125148
lr_r: 0.0009958707888173496
lr_s: 0.020815770528058632
