lr_b: 0.00048493327375598316
lr_d: 0.0016578967881725258
lr_r: 0.002240720247089945
lr_s: 0.003227085106750508
