lr_b: 0.0039621891207499175
lr_d: 0.00013564235589660833
lr_r: 0.00010608291700512375
lr_s: 0.00027823253261571727
