lr_b: 0.04274334702347173
lr_d: 0.001160839604112502
lr_r: 0.0015890826521971367
lr_s: 0.00029244335837339593
