lr_b: 0.00010207158048438385
lr_d: 0.00042062863498494265
lr_r: 0.0012127584671670806
lr_s: 0.009316578723692
