lr_b: 0.05160396772131516
lr_d: 0.0015444325132450603
lr_r: 0.0021557514072280165
lr_s: 0.0015969314119109663
