lr_b: 0.009361099126372195
lr_d: 0.00047505878071982206
lr_r: 0.0023694904885137535
lr_s: 0.027745492948544778
