lr_b: 0.005807947779955918
lr_d: 0.0002553482114473543
lr_r: 0.0005548684276186058
lr_s: 0.007761327645134779
