lr_b: 0.03583457321623628
lr_d: 0.04920369722347038
lr_r: 0.024541273363825607
lr_s: 0.00044898329124693815
