lr_b: 0.008558622266633339
lr_d: 0.0007079603586653215
lr_r: 0.0038778659019335277
lr_s: 0.009988478603529001
