lr_b: 0.06550875227923666
lr_d: 0.0029154171811045767
lr_r: 0.010108091415035712
lr_s: 0.015351936428865363
