lr_b: 0.0033007432593756838
lr_d: 0.0011202826339190924
lr_r: 0.00013155335199334717
lr_s: 0.004309230127888939
