lr_b: 0.029875449995296635
lr_d: 0.001340188759437404
lr_r: 0.0016326254122834224
lr_s: 0.0005996165515687366
