lr_b: 0.0006782699710531391
lr_d: 0.004841373016901798
lr_r: 0.003076328826715536
lr_s: 0.00031940987144904936
