lr_b: 0.0004890272030339008
lr_d: 0.0004039547138116053
lr_r: 0.09000142266992739
lr_s: 0.000937118774795113
