lr_b: 0.00010069707127896343
lr_d: 0.0009712370463909576
lr_r: 0.003246665922294993
lr_s: 0.0012551976514479125
