lr_b: 0.006643417419046143
lr_d: 0.00010006540991201096
lr_r: 0.005075363662036791
lr_s: 0.0012320562807484937
