lr_b: 0.00026711393262194883
lr_d: 0.04121338073358061
lr_r: 0.0004921988119372204
lr_s: 0.0029915322369054474
