lr_b: 0.009336515478395
lr_d: 0.004053735469592936
lr_r: 0.028090634247257888
lr_s: 0.05807105723433818
