lr_b: 0.0030506101165143685
lr_d: 0.00023615676398030857
lr_r: 0.010137370730387023
lr_s: 0.0006035006961539497
