lr_b: 0.00012127330004972692
lr_d: 0.0005139903756054169
lr_r: 0.0009458016010047868
lr_s: 0.010990238046520008
