lr_b: 0.001872446714170256
lr_d: 0.00036435423136605885
lr_r: 0.029102266679762897
lr_s: 0.00484611630949514
