lr_b: 0.0002854658268136216
lr_d: 0.0008469722200608072
lr_r: 0.0001142352462998783
lr_s: 0.0004387555730270091
