lr_b: 0.0008776593528678677
lr_d: 0.004459504985057751
lr_r: 0.0010819341844493248
lr_s: 0.004844529202638408
