lr_b: 0.00011252408363445411
lr_d: 0.0006497563195966465
lr_r: 0.0006414942246120715
lr_s: 0.0023839082686881166
