lr_b: 0.003766087701392749
lr_d: 0.0011553387945958144
lr_r: 0.074509457729504
lr_s: 0.006831297293041871
