lr_b: 0.01957302244752576
lr_d: 0.0012655591003282096
lr_r: 0.00686153307201166
lr_s: 0.0005232648824883388
