lr_b: 0.015443812130518628
lr_d: 0.0002005519101267893
lr_r: 0.0004415518823251948
lr_s: 0.00012320237926616705
