lr_b: 0.09513372841661653
lr_d: 0.002655312353934528
lr_r: 0.0029997663473377506
lr_s: 0.0012315339026256224
