lr_b: 0.001928923984230151
lr_d: 0.01126366085743511
lr_r: 0.0014205874667346293
lr_s: 0.010448602484817606
