lr_b: 0.012438440340776794
lr_d: 0.03553337147967723
lr_r: 0.07385824829554807
lr_s: 0.00032446590361707783
