lr_b: 0.006408558430536953
lr_d: 0.00026684987990230395
lr_r: 0.07723310927051885
lr_s: 0.02679722297869213
