lr_b: 0.0006980150334163538
lr_d: 0.04455813219050867
lr_r: 0.024759100931253122
lr_s: 0.00724404123978771
