lr_b: 0.01874119732661374
lr_d: 0.0008777714958077459
lr_r: 0.0033155985422020336
lr_s: 0.0007060080974080921
