lr_b: 0.0001373130729735046
lr_d: 0.035194362615891144
lr_r: 0.006898894569678788
lr_s: 0.00275196528168718
