lr_b: 0.02434551178207999
lr_d: 0.052886232339266676
lr_r: 0.039578170340772746
lr_s: 0.0016897831913773513
