lr_b: 0.0001314640292604742
lr_d: 0.0005888116678832886
lr_r: 0.0008859947270052195
lr_s: 0.0026437214867791508
