lr_b: 0.02909292997122616
lr_d: 0.004344661743323339
lr_r: 0.002366134996497546
lr_s: 0.0005655848453944674
