lr_b: 0.00017822454602757783
lr_d: 0.009659222569129803
lr_r: 0.009313709544910436
lr_s: 0.06724467510425454
