lr_b: 0.0007165081344131817
lr_d: 0.012431176612210286
lr_r: 0.005342691426364112
lr_s: 0.051767379615598
