lr_b: 0.03759964692050183
lr_d: 0.05382695628431059
lr_r: 0.08594252666452121
lr_s: 0.03861932183359485
