lr_b: 0.0012379280954159752
lr_d: 0.004603614917148323
lr_r: 0.0014967738464528948
lr_s: 0.0007597604833859633
