lr_b: 0.053294575210040836
lr_d: 0.001680359323343125
lr_r: 0.0006239825644516154
lr_s: 0.0003196654997175452
