lr_b: 0.0004804818084174169
lr_d: 0.01547499087833313
lr_r: 0.018291727691706436
lr_s: 0.09924165421950848
