lr_b: 0.0026707203024624792
lr_d: 0.04703710751846061
lr_r: 0.005734175056307616
lr_s: 0.0008583054730268534
