lr_b: 0.0018009329022019229
lr_d: 0.0001173107060952787
lr_r: 0.014839581655034064
lr_s: 0.020413569524935025
