lr_b: 0.0006652219230779497
lr_d: 0.004103488149756596
lr_r: 0.012220108305748737
lr_s: 0.00011051813999625482
