lr_b: 0.0011005310189055092
lr_d: 0.00045155610430862243
lr_r: 0.0004615345317901116
lr_s: 0.0021259737408582374
