lr_b: 0.00026452150629401093
lr_d: 0.07026745707924112
lr_r: 0.040378886471793315
lr_s: 0.011747115374805281
