lr_b: 0.0001814880152182316
lr_d: 0.050233964091226456
lr_r: 0.006257433066613457
lr_s: 0.00016269145371970739
