lr_b: 0.00028994442395753053
lr_d: 0.0024271443557884556
lr_r: 0.005656597185755878
lr_s: 0.00019079764951409408
